0.0006283185307179586	12.614132893351016
0.0012566370614359172	24.55960551824842
0.0018849555921538756	35.63735526680493
0.0025132741228718345	45.807515349434375
0.0031415926535897933	55.08668130745775
0.0037699111843077513	63.51489792750661
0.0043982297150257105	71.14097308709394
0.005026548245743669	78.01710284374097
0.005654866776461627	84.19473260282368
0.006283185307179587	89.7217104098069
0.006911503837897545	94.64452559288455
0.0075398223686155025	99.00484565953488
0.008168140899333461	102.84156724209262
0.008796459430051421	106.19123630238352
0.00942477796076938	109.08751109593041
0.010053096491487338	111.5602145882839
0.010681415022205296	113.63873627316403
0.011309733552923255	115.35089269383126
0.011938052083641213	116.7213549766157
0.012566370614359173	117.77361806012303
0.01319468914507713	118.5297977088581
0.01382300767579509	119.01094858667575
0.014451326206513048	119.23720521139228
0.015079644737231005	119.22748224207078
0.015707963267948967	119.0007686805394
0.016336281798666922	118.57431691053671
0.016964600329384884	117.96518754002923
0.017592918860102842	117.18905255737623
0.018221237390820797	116.26076821251988
0.01884955592153876	115.1956551247689
0.019477874452256717	114.00747011351777
0.020106192982974676	112.70944094215675
0.020734511513692634	111.31481967835172
0.021362830044410593	109.83575127699751
0.02199114857512855	108.28359118685778
0.02261946710584651	106.66957840166718
0.02324778563656447	105.00410599006176
0.023876104167282426	103.2969137810375
0.024504422698000385	101.55724464891175
0.025132741228718346	99.79381181433102
0.025761059759436305	98.01476204727463
0.02638937829015426	96.2283113771447
0.02701769682087222	94.44111950327326
0.02764601535159018	92.65928406420275
0.028274333882308135	90.88871790034598
0.028902652413026097	89.13547790905118
0.029530970943744055	87.40504625275634
0.03015928947446201	85.70057273180669
0.030787608005179972	84.02590692972079
0.031415926535897934	82.3845581535815
0.03204424506661589	80.781054252217
0.032672563597333844	79.21785799701284
0.03330088212805181	77.69587618900657
0.03392920065876977	76.21688291060883
0.03455751918948772	74.78241504548461
0.035185837720205684	73.39451642978746
0.03581415625092364	72.05586593994038
0.036442474781641594	70.76447780319819
0.03707079331235956	69.52051603762024
0.03769911184307752	68.3239915949972
0.038327430373795476	67.17477593289799
0.038955748904513435	66.07367645375157
0.03958406743523139	65.02097701785148
0.04021238596594935	64.01395522677797
0.04084070449666731	63.05158496028019
0.04146902302738527	62.13275308028397
0.04209734155810323	61.256266787246695
0.042725660088821185	60.42086012339347
0.043353978619539144	59.62630500051087
0.0439822971502571	58.8701395443131
0.04461061568097507	58.150603527761646
0.04523893421169302	57.46602536085942
0.04586725274241098	56.814680947960646
0.04649557127312894	56.19479602923696
0.047123889803846894	55.604548075800324
0.04775220833456485	55.04038108354202
0.04838052686528282	54.50152814959829
0.04900884539600077	53.98692554971734
0.049637163926718735	53.49481992741231
0.05026548245743669	53.023416736468036
0.050893800988154644	52.570880889112544
0.05152211951887261	52.135337322437074
0.05215043804959057	51.71487153470837
0.05277875658030852	51.301253295498206
0.053407075111026485	50.89757078044301
0.05403539364174444	50.50399806106693
0.054663712172462395	50.11915607757537
0.05529203070318036	49.74163593673121
0.05592034923389832	49.369999914851164
0.05654866776461627	49.00278254679559
0.057176986295334235	48.638491828618385
0.057805304826052194	48.27487709215414
0.058433623356770145	47.898361033620255
0.05906194188748811	47.52082936761732
0.05969026041820607	47.14166851638884
0.06031857894892402	46.76025188535601
0.060946897479641986	46.37594096851124
0.061575216010359944	45.988086493951634
0.06220353454107791	45.596029616163946
0.06283185307179587	45.19910316167351
0.06346017160251381	44.79663293466924
0.06408849013323178	44.381764094330975
0.06471680866394974	43.95024914022472
0.06534512719466769	43.51211687406528
0.06597344572538566	43.06761806108536
0.06660176425610362	42.61700164897499
0.06723008278682156	42.16051476201903
0.06785840131753954	41.69840269530797
0.0684867198482575	41.2309089090224
0.06911503837897544	40.758275022790926
0.06974335690969341	40.280740810122
0.07037167544041137	39.79854419291071
0.07099999397112931	39.304281562364764
0.07162831250184729	38.80273209783306
0.07225663103256524	38.297953878893885
0.07288494956328319	37.79069410971849
0.07351326809400116	37.28169226565605
0.07414158662471912	36.77167933366545
0.07476990515543708	36.261377101113474
0.07539822368615504	35.751497495117576
0.076026542216873	35.24274197461112
0.07665486074759095	34.73580097730855
0.07728317927830891	34.23135342374857
0.07791149780902687	33.73006628059307
0.07853981633974483	33.234249975380386
0.07916813487046279	32.74305632344209
0.07979645340118074	32.2568297335753
0.0804247719318987	31.776115370749793
0.08105309046261666	31.30144637141887
0.08168140899333462	30.833343814981816
0.08230972752405258	30.37231675344764
0.08293804605477054	29.918862300900237
0.0835663645854885	29.47346578436587
0.08419468311620645	29.03660095768318
0.08482300164692441	28.60873027997637
0.08545132017764237	28.190305260331968
0.08607963870836033	27.78176687027965
0.08670795723907829	27.39549265450154
0.08733627576979625	27.02208229671015
0.0879645943005142	26.65910852704101
0.08859291283123216	26.30653460279704
0.08922123136195013	25.96432210688914
0.08984954989266808	25.632431229162584
0.09047786842338604	25.310821044002942
0.09110618695410401	24.999449784236955
0.09173450548482195	24.69827511134274
0.09236282401553991	24.407254381984497
0.09299114254625789	24.126344910886647
0.09361946107697583	23.855504230062035
0.09424777960769379	23.594690344409123
0.09487609813841176	23.3438619836934
0.0955044166691297	23.10870806082741
0.09613273519984766	22.89174577730237
0.09676105373056564	22.684283052383883
0.09738937226128358	22.485926634707084
0.09801769079200154	22.29628659493449
0.0986460093227195	22.11497601261295
0.09927432785343747	21.941610662641526
0.09990264638415543	21.775808702985216
0.10053096491487339	21.61719036526913
0.10115928344559133	21.465377649887817
0.10178760197630929	21.319994027264556
0.10241592050702725	21.180664146895268
0.10304423903774522	21.04701355581181
0.10367255756846318	20.91866842809925
0.10430087609918114	20.795255307102032
0.10492919462989908	20.676400861953592
0.10555751316061704	20.5603105701806
0.106185831691335	20.446392876772833
0.10681415022205297	20.33596976802617
0.10744246875277093	20.22873131754647
0.10807078728348889	20.124366976718846
0.10869910581420683	20.02256547062493
0.10932742434492479	19.923014709548216
0.10995574287564278	19.82540171721415
0.11058406140636072	19.729412576911237
0.11121237993707868	19.634732396639752
0.11184069846779664	19.541045294434532
0.1124690169985146	19.448034405008265
0.11309733552923254	19.355381908861784
0.11372565405995053	19.262769085007832
0.11435397259066847	19.169876388454814
0.11498229112138643	19.076383553596877
0.11561060965210439	18.981969724656985
0.11623892818282235	18.886313614329286
0.11686724671354029	18.771975666034624
0.11749556524425828	18.652685870644543
0.11812388377497622	18.53163743273118
0.11875220230569418	18.408867995959397
0.11938052083641214	18.284415463930774
0.1200088393671301	18.15831798846556
0.12063715789784804	18.03061395786044
0.12126547642856603	17.90134198512423
0.12189379495928397	17.770540896194273
0.12252211349000193	17.63824971813557
0.12315043202071989	17.504507667325488
0.12377875055143785	17.36935413762616
0.12440706908215582	17.232828688547126
0.12503538761287378	17.09497103340069
0.12566370614359174	16.955821027452295
0.1262920246743097	16.81541865606847
0.12692034320502762	16.67380402286472
0.12754866173574558	16.531017337855737
0.12817698026646357	16.387098905610483
0.12880529879718153	16.23833376104827
0.1294336173278995	16.08218014648678
0.13006193585861744	15.925162491233117
0.13069025438933538	15.76746656878685
0.13131857292005333	15.609276608051001
0.13194689145077132	15.45077517742172
0.13257520998148928	15.29214307688397
0.13320352851220724	15.133559238381912
0.1338318470429252	14.975200634732392
0.13446016557364313	14.817242197349842
0.13508848410436108	14.659856743051106
0.13571680263507907	14.503214910208564
0.13634512116579703	14.347485104520052
0.136973439696515	14.192833454663804
0.13760175822723295	14.039423778107112
0.13823007675795088	13.887417557336892
0.13885839528866886	13.73697392678067
0.13948671381938682	13.588249670686476
0.14011503235010478	13.441399232229887
0.14074335088082274	13.29657473411681
0.1413716694115407	13.153926010950315
0.14199998794225863	13.013600653630053
0.1426283064729766	12.887757543350858
0.14325662500369457	12.766544841245015
0.14388494353441253	12.647828443366517
0.1445132620651305	12.531587667892586
0.14514158059584845	12.417801913906809
0.14576989912656638	12.306450673708659
0.14639821765728436	12.197513544772425
0.14702653618800232	12.090970241358539
0.14765485471872028	11.986800605779903
0.14828317324943824	11.88498461932642
0.1489114917801562	11.785502412850297
0.14953981031087415	11.688334277015134
0.1501681288415921	11.593460672211625
0.15079644737231007	11.50086223814271
0.15142476590302803	11.410519803081092
0.152053084433746	11.32241439280191
0.15268140296446395	11.236527239193476
0.1533097214951819	11.152839788548933
0.15393804002589986	11.071333709541683
0.15456635855661782	10.991990900887442
0.15519467708733578	10.914793498695818
0.15582299561805374	10.839723883514191
0.1564513141487717	10.766764687066885
0.15707963267948966	10.696449997148218
0.15770795121020761	10.635989467753943
0.15833626974092557	10.577554308308875
0.15896458827164353	10.521050429218063
0.1595929068023615	10.466384233231746
0.16022122533307945	10.413462565320197
0.1608495438637974	10.362192664487369
0.16147786239451536	10.312482117640553
0.16210618092523332	10.264238815633185
0.16273449945595128	10.217370911597836
0.16336281798666924	10.171786781686638
0.1639911365173872	10.127394988336174
0.16461945504810516	10.084104246174052
0.16524777357882312	10.041823390684216
0.16587609210954107	10.000461349748162
0.16650441064025903	9.959927118179188
0.167132729170977	9.920129735366812
0.16776104770169495	9.880978266148455
0.1683893662324129	9.84238178502558
0.16901768476313087	9.804249363841352
0.16964600329384882	9.766490063036978
0.17027432182456678	9.72901292660389
0.17090264035528474	9.691726980848834
0.1715309588860027	9.65454123708905
0.17215927741672066	9.617364698394637
0.17278759594743862	9.580106370495281
0.17341591447815657	9.5426752769684
0.17404423300887453	9.49432146377809
0.1746725515395925	9.442617987497815
0.17530087007031048	9.390577945118071
0.1759291886010284	9.338219109668378
0.17655750713174637	9.285559222153422
0.17718582566246432	9.232615986599967
0.17781414419318228	9.179407065185044
0.17844246272390027	9.12595007344786
0.17907078125461823	9.072262575587706
0.17969909978533616	9.018362079850265
0.18032741831605412	8.96426603400459
0.18095573684677208	8.909991820913257
0.18158405537749003	8.855556754197815
0.18221237390820802	8.800978074002057
0.18284069243892598	8.746272942855411
0.1834690109696439	8.691458441638751
0.18409732950036187	8.636551565655001
0.18472564803107983	8.581569220806955
0.18535396656179778	8.52652821988452
0.18598228509251577	8.471445278963829
0.18661060362323373	8.416337013920549
0.18723892215395166	8.361219937059715
0.18786724068466962	8.30611045386442
0.18849555921538758	8.251024859865804
0.18912387774610553	8.195979337636546
0.18975219627682352	8.140989953910289
0.19038051480754148	8.086072656829398
0.1910088333382594	8.031243273323229
0.19163715186897737	7.976517506619441
0.19226547039969533	7.921161134232807
0.1928937889304133	7.865663783867164
0.19352210746113127	7.8103249208944625
0.19415042599184923	7.755166312413676
0.19477874452256716	7.700209536088609
0.19540706305328512	7.645475977652862
0.19603538158400308	7.590986828727232
0.19666370011472106	7.5367630849548
0.197292018645439	7.482825544459222
0.19792033717615698	7.4291948066315685
0.19854865570687494	7.375891271251168
0.19917697423759287	7.322935137945778
0.19980529276831085	7.270346405996583
0.20043361129902879	7.2181448744933725
0.20106192982974677	7.166350142845271
0.2016902483604647	7.114981611652528
0.20231856689118266	7.0640584839446365
0.20294688542190065	7.013599766790315
0.20357520395261858	6.96362427328468
0.20420352248333656	6.914150624918984
0.2048318410140545	6.8651972543384785
0.20546015954477248	6.816782408493562
0.20608847807549044	6.768924152189886
0.20671679660620837	6.721640372042592
0.20734511513692636	6.674948780840234
0.2079734336676443	6.628866922323746
0.20860175219836227	6.583412176385802
0.20923007072908023	6.538601764696106
0.20985838925979816	6.494452756757846
0.21048670779051615	6.4509820764008605
0.21111502632123408	6.408206508716881
0.21174334485195206	6.36614270744217
0.21237166338267	6.329566626599087
0.21299998191338798	6.296605489472131
0.21362830044410594	6.264364249162266
0.21425661897482387	6.232820134231869
0.21488493750554186	6.201950505276056
0.2155132560362598	6.171732848530554
0.21614157456697777	6.142144769627106
0.21676989309769573	6.113163987504433
0.21739821162841366	6.084768328482501
0.21802653015913165	6.056935720508166
0.21865484868984958	6.0296441875799855
0.21928316722056757	6.002871844360134
0.21991148575128555	5.976596890981379
0.22053980428200348	5.9507976080569565
0.22116812281272144	5.925452351901285
0.22179644134343937	5.900539549969439
0.22242475987415736	5.87603769652326
0.2230530784048753	5.851925348532039
0.22368139693559327	5.8281811218156525
0.22430971546631123	5.804783687438087
0.2249380339970292	5.781711768359232
0.22556635252774715	5.758944136352874
0.22619467105846508	5.73645960919878
0.22682298958918307	5.7142370481567815
0.22745130811990105	5.692255355730793
0.22807962665061898	5.670493473730625
0.22870794518133694	5.648930381639521
0.22933626371205487	5.627545095295366
0.22996458224277286	5.606316665893389
0.23059290077349084	5.585224179318354
0.23122121930420877	5.56424675581409
0.23184953783492673	5.5433635499982765
0.2324778563656447	5.522553751230423
0.23310617489636265	5.501796584340925
0.23373449342708058	5.481071310729078
0.23436281195779857	5.4594894178884354
0.23499113048851655	5.432619954089282
0.23561944901923448	5.405728282798589
0.23624776754995244	5.378820523661581
0.23687608608067037	5.351902768141336
0.23750440461138836	5.3249810787350444
0.23813272314210635	5.298061488217308
0.23876104167282428	5.271149998910908
0.23938936020354223	5.2442525819854096
0.2400176787342602	5.217375176784137
0.24064599726497815	5.190523690179875
0.24127431579569608	5.1637039959597475
0.24190263432641407	5.136921934239706
0.24253095285713205	5.110183310909093
0.24315927138784998	5.083493897105654
0.24378758991856794	5.056859428721461
0.24441590844928587	5.030285605940197
0.24504422698000386	5.003778092806203
0.24567254551072185	4.97734251682574
0.24630086404143978	4.9509844686008755
0.24692918257215776	4.92470950149645
0.2475575011028757	4.898523131340563
0.24818581963359365	4.872430836158964
0.24881413816431164	4.846438055943829
0.24944245669502957	4.820550192457347
0.25007077522574755	4.794772609070517
0.2506990937564655	4.769110630637628
0.25132741228718347	4.743569543406814
0.2519557308179014	4.71815459496718
0.2525840493486194	4.69287099423283
0.2532123678793373	4.66772391146435
0.25384068641005525	4.64271847832806
0.25446900494077324	4.617859787993573
0.25509732347149117	4.593152895270016
0.25572564200220915	4.568602816781378
0.25635396053292714	4.544214531181416
0.25698227906364507	4.519992979408549
0.25761059759436306	4.495943064981163
0.258238916125081	4.472069654333785
0.258867234655799	4.448377577194512
0.25949555318651696	4.426693976968963
0.2601238717172349	4.405342247758186
0.2607521902479528	4.384177157906325
0.26138050877867075	4.363196558237214
0.26200882730938874	4.342398303721956
0.26263714584010667	4.321780253508099
0.26326546437082465	4.3013402709463175
0.26389378290154264	4.2810762236146775
0.26452210143226057	4.260985983340559
0.26515041996297856	4.2410674262203525
0.2657787384936965	4.221318432637017
0.2664070570244145	4.201736887275549
0.26703537555513246	4.182320679136532
0.2676636940858504	4.163067701547771
0.2682920126165683	4.1439758521741625
0.26892033114728625	4.12504303302587
0.26954864967800424	4.106267150464887
0.27017696820872217	4.087646115210114
0.27080528673944015	4.069177842340972
0.27143360527015814	4.050860251299722
0.27206192380087607	4.032691265892527
0.27269024233159406	4.0146688142893705
0.273318560862312	3.996790829022916
0.27394687939303	3.9790552469863885
0.27457519792374796	3.9614600094305996
0.2752035164544659	3.9440030619601703
0.2758318349851838	3.9266823545290506
0.27646015351590175	3.9094958414354606
0.27708847204661974	3.8924414813162875
0.2777167905773377	3.8755172371410835
0.27834510910805565	3.8587210762057174
0.27897342763877364	3.842050970125772
0.27960174616949157	3.825504894829827
0.28023006470020956	3.8090808305526354
0.2808583832309275	3.792776761828369
0.2814867017616455	3.7765906774839495
0.28211502029236346	3.760520570632621
0.2827433388230814	3.744564438667808
0.2833716573537993	3.7287202832573616
0.28399997588451725	3.712986110338304
0.28462829441523524	3.6973599301121305
0.2852566129459532	3.6818397570407932
0.28588493147667116	3.6664236098434264
0.28651325000738914	3.6508584205602834
0.2871415685381071	3.6352182110743776
0.28776988706882506	3.6196770633621154
0.28839820559954304	3.6042342353993426
0.289026524130261	3.588888984592841
0.28965484266097896	3.5736405678239174
0.2902831611916969	3.5584882414910886
0.2909114797224148	3.5434312615518464
0.29153979825313275	3.528468883563582
0.29216811678385074	3.5136003627236088
0.2927964353145687	3.4988249539083704
0.29342475384528666	3.4841419117117938
0.29405307237600464	3.469550490482833
0.2946813909067226	3.4550499443622122
0.29530970943744056	3.4406395273183743
0.29593802796815855	3.4263184931826673
0.2965663464988765	3.4120860956837644
0.29719466502959446	3.397941588481335
0.2978229835603124	3.3838842251990164
0.2984513020910303	3.3699132594566397
0.2990796206217483	3.3560279449017734
0.29970793915246624	3.3422275352405997
0.3003362576831842	3.328511284268091
0.30096457621390216	3.314878445897564
0.30159289474462014	3.301328274189577
0.3022212132753381	3.2878600233802233
0.30284953180605606	3.2744729479087997
0.30347785033677405	3.2611663024448934
0.304106168867492	3.247939341914894
0.30473448739820996	3.234791321527938
0.3053628059289279	3.22172149680131
0.3059911244596458	3.2087291235853104
0.3066194429903638	3.1958134580876068
0.30724776152108174	3.182973756897092
0.3078760800517997	3.1702092770072414
0.30850439858251766	3.157519275839013
0.30913271711323564	3.14490301126328
0.3097610356439536	3.132359741622836
0.31038935417467156	3.1198887257539516
0.31101767270538955	3.1074892230075504
0.3116459912361075	3.0951604932699652
0.31227430976682546	3.082901796983318
0.3129026282975434	3.0707123951655504
0.3135309468282613	3.0585915494300755
0.3141592653589793	3.046538522005119
0.31478758388969724	3.034552575752732
0.31541590242041523	3.0226329741874873
0.31604422095113316	3.0107789814949077
0.31667253948185115	2.9988706101809557
0.31730085801256913	2.986973576730522
0.31792917654328706	2.975140292299255
0.31855749507400505	2.963370428437025
0.319185813604723	2.9516636558801252
0.31981413213544096	2.940019644576274
0.3204424506661589	2.928438063709265
0.3210707691968768	2.916918581723237
0.3216990877275948	2.905460866346586
0.32232740625831274	2.89406458461552
0.32295572478903073	2.882729402897246
0.32358404331974866	2.8714549869128208
0.32421236185046665	2.8602410017596367
0.32484068038118463	2.8490871119335783
0.32546899891190256	2.837992981350824
0.32609731744262055	2.8269582733693146
0.3267256359733385	2.815982650809896
0.32735395450405647	2.8050657759771167
0.3279822730347744	2.794207310679709
0.3286105915654924	2.7834069162507493
0.3292389100962103	2.772664253567489
0.32986722862692824	2.761978983070878
0.33049554715764623	2.751350764784776
0.33112386568836416	2.7407792583348534
0.33175218421908215	2.730264122967187
0.33238050274980013	2.7198050175665585
0.33300882128051806	2.7094016006744552
0.33363713981123605	2.699053530506774
0.334265458341954	2.688760464971243
0.33489377687267197	2.6785220616845438
0.3355220954033899	2.668337977989176
0.3361504139341079	2.65820787097001
0.3367787324648258	2.648131397470603
0.33740705099554374	2.6381082141092036
0.33803536952626173	2.628137977294529
0.3386636880569797	2.6182203432412456
0.33929200658769765	2.608354967985214
0.33992032511841563	2.598541507398457
0.34054864364913356	2.588779617203899
0.34117696217985155	2.579068952989828
0.3418052807105695	2.5694091702241444
0.34243359924128747	2.559799924268337
0.3430619177720054	2.5502408703912476
0.3436902363027234	2.5407316637825845
0.3443185548334413	2.5312719595662165
0.34494687336415925	2.5218614128132306
0.34557519189487723	2.5124996785547737
0.3462035104255952	2.503186411794679
0.34683182895631315	2.493921267521866
0.34746014748703113	2.4847039007225336
0.34808846601774907	2.475533966392151
0.34871678454846705	2.4664111195472365
0.349345103079185	2.4573350152369393
0.34997342160990297	2.4482394631870616
0.35060174014062095	2.439169328669446
0.3512300586713389	2.430145050375168
0.3518583772020568	2.421166450041213
0.35248669573277475	2.4122333488595706
0.35311501426349273	2.403345567491012
0.3537433327942107	2.39450292607869
0.35437165132492865	2.38570524426157
0.35499996985564664	2.3769523411876894
0.35562828838636457	2.3682440355272525
0.35625660691708255	2.35958014548555
0.35688492544780054	2.3509604888157223
0.35751324397851847	2.3423848828313507
0.35814156250923646	2.3338531444188777
0.3587698810399544	2.325365090049887
0.3593981995706723	2.3169205357931943
0.36002651810139025	2.308519297326798
0.36065483663210823	2.3001611899496566
0.3612831551628262	2.2918460285933224
0.36191147369354415	2.283573627833401
0.36253979222426214	2.2753438019008656
0.36316811075498007	2.26715636469322
0.36379642928569805	2.2590111297854887
0.36442474781641604	2.250907910441085
0.36505306634713397	2.242846519622498
0.36568138487785196	2.2348267700018427
0.3663097034085699	2.226848473971269
0.3669380219392878	2.2189114436532047
0.3675663404700058	2.211015490910463
0.36819465900072373	2.20316042735621
0.3688229775314417	2.195346064363768
0.36945129606215965	2.1875722130763005
0.37007961459287764	2.1798386844163318
0.37070793312359557	2.1721452890951443
0.37133625165431355	2.164491837622022
0.37196457018503154	2.1568781403133674
0.37259288871574947	2.149304007301672
0.37322120724646746	2.141769248544352
0.3738495257771854	2.1342736738324506
0.3744778443079033	2.1268170927992127
0.3751061628386213	2.11939931492851
0.37573448136933923	2.112020149563154
0.3763627999000572	2.104679405913062
0.37699111843077515	2.0973768930633057
0.37761943696149314	2.090112419982026
0.37824775549221107	2.0828857955282203
0.37887607402292905	2.075696828459406
0.37950439255364704	2.068545327439159
0.38013271108436497	2.061431101044529
0.38076102961508296	2.0543539577733285
0.3813893481458009	2.04731370605131
0.3820176666765188	2.0403101542392093
0.3826459852072368	2.0333431106396853
0.38327430373795474	2.0264123835041286
0.3839026222686727	2.019517781039362
0.38453094079939065	2.012659111414224
0.38515925933010864	2.0058361827660303
0.3857875778608266	1.9990488032069407
0.38641589639154456	1.9923033900389433
0.38704421492226254	1.9856118813919739
0.3876725334529805	1.9789553336307382
0.38830085198369846	1.9723335148686127
0.3889291705144164	1.9657461933629876
0.3895574890451343	1.9591931375198846
0.3901858075758523	1.9526741158984804
0.39081412610657024	1.946188897215536
0.3914424446372882	1.939737250349713
0.39207076316800615	1.9333189443458116
0.39269908169872414	1.926933748418901
0.3933274002294421	1.9205814319583623
0.3939557187601601	1.9142617645318416
0.394584037290878	1.9079745158891097
0.395212355821596	1.9017194559658348
0.39584067435231396	1.8954963548872745
0.3964689928830319	1.889304982971878
0.3970973114137499	1.8831451107348018
0.39772562994446775	1.877016508891359
0.39835394847518574	1.8709189483603672
0.3989822670059037	1.8648522002674421
0.3996105855366217	1.8588160359482002
0.4002389040673397	1.852810226951385
0.40086722259805757	1.846834545041938
0.40149554112877556	1.8408887622039705
0.40212385965949354	1.8349726506437005
0.40275217819021153	1.8290859827922896
0.4033804967209294	1.8232285313086354
0.4040088152516474	1.8174000690820868
0.4046371337823653	1.8116003692351077
0.4052654523130833	1.805829205125867
0.4058937708438013	1.800086350350784
0.40652208937451917	1.7943715787470007
0.40715040790523715	1.7886846643948053
0.40777872643595514	1.7830253816200075
0.4084070449666731	1.7773935049962508
0.4090353634973911	1.7717888093472773
0.409663682028109	1.766211069749146
0.410292000558827	1.7606600615323962
0.41092031908954496	1.7551355602841767
0.4115486376202629	1.749637341850319
0.4121769561509809	1.744165182337372
0.4128052746816988	1.7387188581145991
0.41343359321241674	1.7332981458159298
0.4140619117431347	1.7279028223418786
0.4146902302738527	1.7225326648614254
0.4153185488045707	1.7171874508138627
0.4159468673352886	1.7118669579106074
0.41657518586600656	1.706570964136985
0.41720350439672454	1.7012992477539843
0.41783182292744253	1.6960515872999817
0.41846014145816046	1.69082776159244
0.4190884599888784	1.6856275497295874
0.4197167785195963	1.680450731092064
0.4203450970503143	1.6752970853445617
0.4209734155810323	1.670166392437429
0.4216017341117503	1.6650584326082707
0.42223005264246816	1.6599729863835262
0.42285837117318614	1.6549098345800275
0.42348668970390413	1.6498687583065608
0.4241150082346221	1.6448495389653999
0.42474332676534	1.6398519582538404
0.425371645296058	1.6348757981657216
0.42599996382677596	1.6299208409929469
0.4266282823574939	1.6249868693269962
0.4272566008882119	1.6200045741126725
0.4278849194189298	1.6149981244326899
0.42851323794964774	1.6100120934950792
0.4291415564803657	1.6050464122190327
0.4297698750110837	1.6001010113692657
0.4303981935418017	1.5951758215593972
0.4310265120725196	1.590270773255302
0.43165483060323756	1.585385796778418
0.43228314913395555	1.5805208223090315
0.43291146766467353	1.575675779889518
0.43353978619539146	1.570850599427556
0.4341681047261094	1.5660452106992933
0.4347964232568273	1.5612595433525012
0.4354247417875453	1.556493526909674
0.4360530603182633	1.5517470907711088
0.4366813788489813	1.5470201642179442
0.43730969737969916	1.5423126764151711
0.43793801591041714	1.5376245564146056
0.43856633444113513	1.532955733157835
0.4391946529718531	1.5283061354791272
0.4398229715025711	1.5236756921083099
0.440451290033289	1.5190643316736183
0.44107960856400696	1.5144719827045048
0.4417079270947249	1.509898573634429
0.4423362456254429	1.5053440328036054
0.4429645641561608	1.5008082884617264
0.44359288268687874	1.4962912687706504
0.44422120121759673	1.4917929018070613
0.4448495197483147	1.487313115565099
0.4454778382790327	1.4828518379589568
0.4461061568097506	1.4784089968254484
0.44673447534046856	1.4739845199265467
0.44736279387118655	1.4695783349518952
0.44799111240190453	1.4651903695212842
0.44861943093262246	1.4608205511871044
0.4492477494633404	1.4564688074367629
0.4498760679940584	1.45213506569508
0.4505043865247763	1.4478192533266514
0.4511327050554943	1.4435212976381844
0.4517610235862123	1.4392411258808027
0.45238934211693016	1.4349786652523289
0.45301766064764815	1.430733842899533
0.45364597917836613	1.4265065859203574
0.4542742977090841	1.422296821366115
0.4549026162398021	1.4181044762436563
0.45553093477052	1.4139294775175149
0.45615925330123797	1.4097717521120188
0.4567875718319559	1.4056312269133844
0.4574158903626739	1.4015078287717762
0.45804420889339187	1.3974014845033476
0.45867252742410974	1.3933121208922494
0.45930084595482773	1.389239664692615
0.4599291644855457	1.3851840426305213
0.4605574830162637	1.3811451814059255
0.4611858015469817	1.3771230076945722
0.46181412007769956	1.3731174481498811
0.46244243860841755	1.369128429404804
0.46307075713913554	1.3651558780736657
0.46369907566985347	1.3611997207539719
0.4643273942005714	1.3572598840281993
0.4649557127312894	1.3533362944655611
0.4655840312620073	1.3494288786237452
0.4662123497927253	1.3455375630506317
0.4668406683234433	1.3416622742859914
0.46746898685416116	1.3378029388631536
0.46809730538487915	1.3339594833106538
0.46872562391559713	1.3301318341538642
0.4693539424463151	1.3263199179165959
0.4699822609770331	1.3225236611226798
0.470610579507751	1.3187429902975296
0.47123889803846897	1.3149778319696765
0.47186721656918695	1.3112267963534663
0.4724955350999049	1.3074839318453404
0.47312385363062287	1.3037563602185156
0.47375217216134075	1.3000440170434222
0.47438049069205873	1.2963468378734626
0.4750088092227767	1.2926647582465678
0.4756371277534947	1.2889977136867292
0.4762654462842127	1.2853456397055099
0.47689376481493057	1.281708471803539
0.47752208334564855	1.2780861454719827
0.47815040187636654	1.2744785961940013
0.47877872040708447	1.2708857594461813
0.47940703893780245	1.267307570699949
0.4800353574685204	1.2637439654229716
0.4806636759992383	1.2601948790805302
0.4812919945299563	1.256660247136879
0.4819203130606743	1.2531400050565877
0.48254863159139216	1.2496340883058632
0.48317695012211015	1.2461424323538484
0.48380526865282814	1.2426649726739154
0.4844335871835461	1.2392016447449274
0.4850619057142641	1.235752384052492
0.485690224244982	1.2323171260901937
0.48631854277569997	1.228895806360805
0.48694686130641796	1.2254883603774909
0.4875751798371359	1.2220947236649864
0.48820349836785387	1.2187148317607597
0.48883181689857175	1.2153486202161639
0.48946013542928973	1.2119960245975616
0.4900884539600077	1.2086569804874459
0.4907167724907257	1.205331423485536
0.4913450910214437	1.2020192892098591
0.49197340955216157	1.1987205132978191
0.49260172808287955	1.1954350314072428
0.49323004661359754	1.1921627792174214
0.4938583651443155	1.1889036924301255
0.49448668367503346	1.1856577067706138
0.4951150022057514	1.1824247579886176
0.4957433207364693	1.1792047818593212
0.4963716392671873	1.1759977141843174
0.4969999577979053	1.172803490792557
0.4976282763286233	1.1696220475412757
0.49825659485934115	1.1664533203169158
0.49888491339005914	1.163297245036023
0.4995132319207771	1.1601537576461414
0.5001415504514951	1.1570227941266855
0.500769868982213	1.1539042904898023
0.501398187512931	1.1507981827812186
0.502026506043649	1.1477044070810785
0.5026548245743669	1.1446228995047638
0.5032831431050849	1.141553596203702
0.5039114616358028	1.138496433366166
0.5045397801665208	1.1354513472180527
0.5051680986972388	1.1324182740236597
0.5057964172279567	1.129397150086441
0.5064247357586746	1.1263879117497533
0.5070530542893926	1.1233904953975948
0.5076813728201105	1.1204048374553268
0.5083096913508285	1.1174308743903818
0.5089380098815465	1.1144685427129692
0.5095663284122645	1.1115177789767618
0.5101946469429823	1.1085785197795748
0.5108229654737003	1.1056507017640294
0.5114512840044183	1.102734261618214
0.5120796025351363	1.099829136076327
0.5127079210658543	1.0969352619193122
0.5133362395965722	1.0940525759754844
0.5139645581272901	1.091181015121143
0.5145928766580081	1.0883205162811784
0.5152211951887261	1.0854710164296664
0.5158495137194441	1.0826324525904543
0.516477832250162	1.079804761837736
0.51710615078088	1.0769878812966176
0.517734469311598	1.0741817481436784
0.5183627878423159	1.0713862996075179
0.5189911063730339	1.0686014729692948
0.5196194249037518	1.0658272055632594
0.5202477434344698	1.063063434777275
0.5208760619651877	1.0603100980533353
0.5215043804959056	1.0575621488387756
0.5221326990266236	1.054803029700736
0.5227610175573415	1.0520541578224951
0.5233893360880595	1.0493154938228173
0.5240176546187775	1.0465869983133138
0.5246459731494955	1.0438686318992079
0.5252742916802133	1.041160355180094
0.5259026102109313	1.03846212875069
0.5265309287416493	1.0357739132015784
0.5271592472723673	1.0330956691199404
0.5277875658030853	1.03042735709028
0.5284158843338032	1.0277689376951376
0.5290442028645211	1.0251203715157977
0.5296725213952391	1.0224816191329884
0.5303008399259571	1.0198526411275692
0.5309291584566751	1.0172333980812136
0.531557476987393	1.0146238505770797
0.532185795518111	1.0120239592004754
0.532814114048829	1.0094336845395155
0.5334424325795469	1.0068529871857679
0.5340707511102649	1.0042818277348942
0.5346990696409828	1.0017201667872813
0.5353273881717008	0.9991679649486628
0.5359557067024188	0.9966251828307372
0.5365840252331366	0.994091781051776
0.5372123437638546	0.991567720237219
0.5378406622945725	0.9890529610202724
0.5384689808252905	0.9865474640424882
0.5390972993560085	0.9840511899543452
0.5397256178867265	0.9815640994158148
0.5403539364174443	0.9790861530969257
0.5409822549481623	0.9766173116783146
0.5416105734788803	0.9741575358517781
0.5422388920095983	0.971706786320808
0.5428672105403163	0.9692650238011268
0.5434955290710342	0.9668322090212126
0.5441238476017521	0.9644083027228149
0.5447521661324701	0.9619932656614703
0.5453804846631881	0.9595870586070038
0.5460088031939061	0.9571896423440275
0.546637121724624	0.9548009776724317
0.547265440255342	0.9524210254078662
0.54789375878606	0.9500497463822226
0.5485220773167779	0.9476871014441008
0.5491503958474959	0.9453330514592763
0.5497787143782138	0.9429875573111548
0.5504070329089318	0.9406505799012259
0.5510353514396498	0.9383220801495086
0.5516636699703676	0.9360020189949887
0.5522919885010856	0.9336903573960511
0.5529203070318035	0.9313870563309081
0.5535486255625215	0.9290920767980191
0.5541769440932395	0.9268053798165036
0.5548052626239575	0.9245269264265528
0.5554335811546754	0.9222566776898301
0.5560618996853933	0.919994594689868
0.5566902182161113	0.9177406385324601
0.5573185367468293	0.9154947703460468
0.5579468552775473	0.9132569512820948
0.5585751738082653	0.9110271425154719
0.5592034923389831	0.9088053052448163
0.5598318108697011	0.9065914006928987
0.5604601294004191	0.9043853901069833
0.5610884479311371	0.9021872347591786
0.561716766461855	0.899996895946787
0.562345084992573	0.8978143349926462
0.562973403523291	0.8956395132454683
0.5636017220540089	0.8934723920801719
0.5642300405847269	0.8913129328982109
0.5648583591154448	0.8891610971278965
0.5654866776461628	0.8870168462247158
0.5661149961768808	0.8848801416716455
0.5667433147075986	0.8827509449794632
0.5673716332383166	0.8806292176870466
0.5679999517690345	0.8785149213616799
0.5686282702997525	0.8764080175993436
0.5692565888304705	0.8743084680250102
0.5698849073611885	0.8722162342929283
0.5705132258919065	0.8701312780869062
0.5711415444226243	0.8680535611205906
0.5717698629533423	0.8659830451377405
0.5723981814840603	0.8639196919124984
0.5730265000147783	0.8618634632496557
0.5736548185454963	0.8598143209849171
0.5742831370762141	0.857772226985157
0.5749114556069321	0.8557371431486759
0.5755397741376501	0.8537090314054517
0.5761680926683681	0.8516878537173879
0.5767964111990861	0.8496549576726847
0.577424729729804	0.8476272039382752
0.578053048260522	0.8456062799740071
0.5786813667912399	0.8435921622890161
0.5793096853219579	0.8415848273885844
0.5799380038526758	0.8395842517745244
0.5805663223833938	0.8375904119455572
0.5811946409141118	0.8356032843976878
0.5818229594448296	0.8336228456245789
0.5824512779755476	0.831649072117913
0.5830795965062655	0.8296819403677599
0.5837079150369835	0.8277214268629346
0.5843362335677015	0.825767508091352
0.5849645520984195	0.8238201605403791
0.5855928706291375	0.8218793606971827
0.5862211891598553	0.8199450850490728
0.5868495076905733	0.8180173100838419
0.5874778262212913	0.8160960122901032
0.5881061447520093	0.8141811681576213
0.5887344632827273	0.8122727541776419
0.5893627818134451	0.8103707468432164
0.5899911003441631	0.8084751226495236
0.5906194188748811	0.8065858580941869
0.5912477374055991	0.8047029296775895
0.5918760559363171	0.8028263139031843
0.592504374467035	0.8009559872778012
0.593132692997753	0.7990919263119486
0.5937610115284709	0.797234107520118
0.5943893300591889	0.795382507421076
0.5950176485899069	0.7935371025381592
0.5956459671206248	0.7916978693995639
0.5962742856513428	0.7898647845386315
0.5969026041820606	0.788037824494133
0.5975309227127786	0.7862169658105466
0.5981592412434966	0.7844021850383346
0.5987875597742145	0.7825934587342177
0.5994158783049325	0.7807907634614417
0.6000441968356505	0.7789940757900472
0.6006725153663685	0.7772033722971301
0.6013008338970863	0.7754186295671033
0.6019291524278043	0.7736398241919522
0.6025574709585223	0.7718669327714904
0.6031857894892403	0.770099931913608
0.6038141080199583	0.7683387982345209
0.6044424265506761	0.7665835083590147
0.6050707450813941	0.7648340389206847
0.6056990636121121	0.7630903665621774
0.6063273821428301	0.7613524679354239
0.6069557006735481	0.7596203197018726
0.607584019204266	0.7578938985327194
0.608212337734984	0.7561731811091338
0.6088406562657019	0.754458144122483
0.6094689747964199	0.7527487642745542
0.6100972933271379	0.7510450182777707
0.6107256118578558	0.7493468828554088
0.6113539303885738	0.74765433474181
0.6119822489192916	0.7459673506825907
0.6126105674500096	0.7442859074348498
0.6132388859807276	0.7426099817673737
0.6138672045114455	0.740939550460838
0.6144955230421635	0.7392745903080057
0.6151238415728815	0.7376150781139248
0.6157521601035995	0.7359609906961235
0.6163804786343174	0.7343123048847999
0.6170087971650353	0.7326689975230124
0.6176371156957533	0.7310310454668648
0.6182654342264713	0.7293984255856922
0.6188937527571893	0.7277711147622421
0.6195220712879072	0.7261490898928532
0.6201503898186251	0.7245323278876317
0.6207787083493431	0.7229208056706279
0.6214070268800611	0.7213145001800068
0.6220353454107791	0.719713388368218
0.622663663941497	0.7181174472021644
0.623291982472215	0.7165266536633663
0.6239203010029329	0.7149409847481252
0.6245486195336509	0.7133604174676852
0.6251769380643689	0.7117849288483902
0.6258052565950868	0.7102144959318435
0.6264335751258048	0.708649095775058
0.6270618936565227	0.7070887054506132
0.6276902121872406	0.705533302046802
0.6283185307179586	0.7039828626677807